# Blender v2.82 (sub 7) OBJ File: 'Porta retrato.blend'
# www.blender.org
mtllib Porta retrato.mtl
o Cube
v 0.453637 0.788740 6.653896
v 0.453637 0.600801 6.722301
v 0.453637 0.822942 6.747866
v 0.453637 0.635003 6.816270
v -0.546363 0.788740 6.653896
v -0.546363 0.600801 6.722301
v -0.546363 0.822942 6.747866
v -0.546363 0.635003 6.816270
vt 0.625000 0.500000
vt 0.875000 0.500000
vt 0.875000 0.750000
vt 0.625000 0.750000
vt 0.375000 0.750000
vt 0.625000 1.000000
vt 0.375000 1.000000
vt 0.375000 0.000000
vt 0.625000 0.000000
vt 0.625000 0.250000
vt 0.375000 0.250000
vt 0.125000 0.500000
vt 0.375000 0.500000
vt 0.125000 0.750000
vn 0.0000 0.9397 -0.3420
vn 0.0000 0.3420 0.9397
vn -1.0000 0.0000 0.0000
vn 0.0000 -0.9397 0.3420
vn 1.0000 -0.0000 0.0000
vn 0.0000 -0.3420 -0.9397
usemtl Material
s off
f 1/1/1 5/2/1 7/3/1 3/4/1
f 4/5/2 3/4/2 7/6/2 8/7/2
f 8/8/3 7/9/3 5/10/3 6/11/3
f 6/12/4 2/13/4 4/5/4 8/14/4
f 2/13/5 1/1/5 3/4/5 4/5/5
f 6/11/6 5/10/6 1/1/6 2/13/6
o Cube.001
v 0.709950 2.421590 6.014009
v 0.709950 0.542205 6.698050
v 0.709950 2.455792 6.107979
v 0.709950 0.576407 6.792019
v -0.790050 2.421590 6.014009
v -0.790050 0.542205 6.698050
v -0.790050 2.455792 6.107979
v -0.790050 0.576407 6.792019
vt 0.625000 0.500000
vt 0.875000 0.500000
vt 0.875000 0.750000
vt 0.625000 0.750000
vt 0.375000 0.750000
vt 0.625000 1.000000
vt 0.375000 1.000000
vt 0.375000 0.000000
vt 0.625000 0.000000
vt 0.625000 0.250000
vt 0.375000 0.250000
vt 0.125000 0.500000
vt 0.375000 0.500000
vt 0.125000 0.750000
vn 0.0000 0.9397 -0.3420
vn 0.0000 0.3420 0.9397
vn -1.0000 0.0000 0.0000
vn 0.0000 -0.9397 0.3420
vn 1.0000 0.0000 0.0000
vn 0.0000 -0.3420 -0.9397
usemtl Material.001
s off
f 9/15/7 13/16/7 15/17/7 11/18/7
f 12/19/8 11/18/8 15/20/8 16/21/8
f 16/22/9 15/23/9 13/24/9 14/25/9
f 14/26/10 10/27/10 12/19/10 16/28/10
f 10/27/11 9/15/11 11/18/11 12/19/11
f 14/25/12 13/24/12 9/15/12 10/27/12
o Cube.002
v 0.452100 2.385539 6.074193
v 0.452100 2.197601 6.142598
v 0.452100 2.419741 6.168163
v 0.452100 2.231803 6.236567
v -0.547900 2.385539 6.074193
v -0.547900 2.197601 6.142598
v -0.547900 2.419741 6.168163
v -0.547900 2.231803 6.236567
vt 0.625000 0.500000
vt 0.875000 0.500000
vt 0.875000 0.750000
vt 0.625000 0.750000
vt 0.375000 0.750000
vt 0.625000 1.000000
vt 0.375000 1.000000
vt 0.375000 0.000000
vt 0.625000 0.000000
vt 0.625000 0.250000
vt 0.375000 0.250000
vt 0.125000 0.500000
vt 0.375000 0.500000
vt 0.125000 0.750000
vn 0.0000 0.9397 -0.3420
vn 0.0000 0.3420 0.9397
vn -1.0000 0.0000 0.0000
vn 0.0000 -0.9397 0.3420
vn 1.0000 0.0000 0.0000
vn 0.0000 -0.3420 -0.9397
usemtl Material.002
s off
f 17/29/13 21/30/13 23/31/13 19/32/13
f 20/33/14 19/32/14 23/34/14 24/35/14
f 24/36/15 23/37/15 21/38/15 22/39/15
f 22/40/16 18/41/16 20/33/16 24/42/16
f 18/41/17 17/29/17 19/32/17 20/33/17
f 22/39/18 21/38/18 17/29/18 18/41/18
o Cube.003
v 0.555029 2.301322 6.109120
v 0.652062 2.197865 6.141269
v 0.555568 2.323134 6.199248
v 0.652062 2.232067 6.235239
v 0.452062 2.385804 6.072865
v 0.452062 2.197865 6.141269
v 0.452062 2.420006 6.166834
v 0.452062 2.232067 6.235239
vt 0.625000 0.500000
vt 0.875000 0.500000
vt 0.875000 0.750000
vt 0.625000 0.750000
vt 0.375000 0.750000
vt 0.625000 1.000000
vt 0.375000 1.000000
vt 0.375000 0.000000
vt 0.625000 0.000000
vt 0.625000 0.250000
vt 0.375000 0.250000
vt 0.125000 0.500000
vt 0.375000 0.500000
vt 0.125000 0.750000
vn 0.6839 0.6975 -0.2142
vn 0.0133 0.3544 0.9350
vn -1.0000 0.0000 0.0000
vn 0.0000 -0.9397 0.3420
vn 0.7288 0.6545 -0.2013
vn 0.0245 -0.3188 -0.9475
usemtl Material.003
s off
f 25/43/19 29/44/19 31/45/19 27/46/19
f 28/47/20 27/46/20 31/48/20 32/49/20
f 32/50/21 31/51/21 29/52/21 30/53/21
f 30/54/22 26/55/22 28/47/22 32/56/22
f 26/55/23 25/43/23 27/46/23 28/47/23
f 30/53/24 29/52/24 25/43/24 26/55/24
o Cube.004
v 0.652069 2.197850 6.140821
v 0.652069 0.788311 6.653851
v 0.652069 2.232052 6.234790
v 0.652069 0.822513 6.747820
v 0.452069 2.197850 6.140821
v 0.452069 0.788311 6.653851
v 0.452069 2.232052 6.234790
v 0.452069 0.822513 6.747820
vt 0.625000 0.500000
vt 0.875000 0.500000
vt 0.875000 0.750000
vt 0.625000 0.750000
vt 0.375000 0.750000
vt 0.625000 1.000000
vt 0.375000 1.000000
vt 0.375000 0.000000
vt 0.625000 0.000000
vt 0.625000 0.250000
vt 0.375000 0.250000
vt 0.125000 0.500000
vt 0.375000 0.500000
vt 0.125000 0.750000
vn 0.0000 0.9397 -0.3420
vn 0.0000 0.3420 0.9397
vn -1.0000 0.0000 0.0000
vn 0.0000 -0.9397 0.3420
vn 1.0000 0.0000 0.0000
vn 0.0000 -0.3420 -0.9397
usemtl Material.004
s off
f 33/57/25 37/58/25 39/59/25 35/60/25
f 36/61/26 35/60/26 39/62/26 40/63/26
f 40/64/27 39/65/27 37/66/27 38/67/27
f 38/68/28 34/69/28 36/61/28 40/70/28
f 34/69/29 33/57/29 35/60/29 36/61/29
f 38/67/30 37/66/30 33/57/30 34/69/30
o Cube.005
v -0.545586 2.196261 6.142348
v -0.545586 0.786722 6.655378
v -0.545586 2.230464 6.236318
v -0.545586 0.820924 6.749348
v -0.745586 2.196261 6.142348
v -0.745586 0.786722 6.655378
v -0.745586 2.230464 6.236318
v -0.745586 0.820924 6.749348
vt 0.625000 0.500000
vt 0.875000 0.500000
vt 0.875000 0.750000
vt 0.625000 0.750000
vt 0.375000 0.750000
vt 0.625000 1.000000
vt 0.375000 1.000000
vt 0.375000 0.000000
vt 0.625000 0.000000
vt 0.625000 0.250000
vt 0.375000 0.250000
vt 0.125000 0.500000
vt 0.375000 0.500000
vt 0.125000 0.750000
vn 0.0000 0.9397 -0.3420
vn 0.0000 0.3420 0.9397
vn -1.0000 0.0000 0.0000
vn 0.0000 -0.9397 0.3420
vn 1.0000 0.0000 0.0000
vn 0.0000 -0.3420 -0.9397
usemtl Material.005
s off
f 41/71/31 45/72/31 47/73/31 43/74/31
f 44/75/32 43/74/32 47/76/32 48/77/32
f 48/78/33 47/79/33 45/80/33 46/81/33
f 46/82/34 42/83/34 44/75/34 48/84/34
f 42/83/35 41/71/35 43/74/35 44/75/35
f 46/81/36 45/80/36 41/71/36 42/83/36
o Cube.006
v -0.648553 0.688073 6.696702
v -0.745586 0.787990 6.654830
v -0.649092 0.729297 6.779766
v -0.745586 0.822192 6.748799
v -0.545586 0.600052 6.723234
v -0.545586 0.787990 6.654830
v -0.545586 0.634254 6.817203
v -0.545586 0.822192 6.748799
vt 0.625000 0.500000
vt 0.875000 0.500000
vt 0.875000 0.750000
vt 0.625000 0.750000
vt 0.375000 0.750000
vt 0.625000 1.000000
vt 0.375000 1.000000
vt 0.375000 0.000000
vt 0.625000 0.000000
vt 0.625000 0.250000
vt 0.375000 0.250000
vt 0.125000 0.500000
vt 0.375000 0.500000
vt 0.125000 0.750000
vn -0.6839 -0.6720 0.2842
vn -0.0133 0.3295 0.9441
vn 1.0000 0.0000 0.0000
vn 0.0000 0.9397 -0.3420
vn -0.7288 -0.6308 0.2665
vn -0.0245 -0.3648 -0.9308
usemtl Material.006
s off
f 49/85/37 53/86/37 55/87/37 51/88/37
f 52/89/38 51/88/38 55/90/38 56/91/38
f 56/92/39 55/93/39 53/94/39 54/95/39
f 54/96/40 50/97/40 52/89/40 56/98/40
f 50/97/41 49/85/41 51/88/41 52/89/41
f 54/95/42 53/94/42 49/85/42 50/97/42
o Cube.007
v 0.555161 0.719007 6.779583
v 0.652194 0.822464 6.747433
v 0.555700 0.697194 6.689455
v 0.652194 0.788262 6.653464
v 0.452194 0.634525 6.815837
v 0.452194 0.822464 6.747433
v 0.452194 0.600323 6.721868
v 0.452194 0.788262 6.653464
vt 0.625000 0.500000
vt 0.875000 0.500000
vt 0.875000 0.750000
vt 0.625000 0.750000
vt 0.375000 0.750000
vt 0.625000 1.000000
vt 0.375000 1.000000
vt 0.375000 0.000000
vt 0.625000 0.000000
vt 0.625000 0.250000
vt 0.375000 0.250000
vt 0.125000 0.500000
vt 0.375000 0.500000
vt 0.125000 0.750000
vn 0.6839 -0.6975 0.2142
vn 0.0133 -0.3544 -0.9350
vn -1.0000 -0.0000 0.0000
vn 0.0000 0.9397 -0.3420
vn 0.7288 -0.6545 0.2013
vn 0.0245 0.3188 0.9475
usemtl Material.007
s off
f 57/99/43 61/100/43 63/101/43 59/102/43
f 60/103/44 59/102/44 63/104/44 64/105/44
f 64/106/45 63/107/45 61/108/45 62/109/45
f 62/110/46 58/111/46 60/103/46 64/112/46
f 58/111/47 57/99/47 59/102/47 60/103/47
f 62/109/48 61/108/48 57/99/48 58/111/48
o Cube.008
v -0.649841 2.331985 6.193845
v -0.746874 2.232067 6.235718
v -0.650380 2.290761 6.110782
v -0.746874 2.197865 6.141748
v -0.546874 2.420006 6.167314
v -0.546874 2.232067 6.235718
v -0.546874 2.385804 6.073344
v -0.546874 2.197865 6.141748
vt 0.625000 0.500000
vt 0.875000 0.500000
vt 0.875000 0.750000
vt 0.625000 0.750000
vt 0.375000 0.750000
vt 0.625000 1.000000
vt 0.375000 1.000000
vt 0.375000 0.000000
vt 0.625000 0.000000
vt 0.625000 0.250000
vt 0.375000 0.250000
vt 0.125000 0.500000
vt 0.375000 0.500000
vt 0.125000 0.750000
vn -0.6839 0.6720 -0.2842
vn -0.0133 -0.3295 -0.9441
vn 1.0000 0.0000 -0.0000
vn 0.0000 -0.9397 0.3420
vn -0.7288 0.6308 -0.2665
vn -0.0245 0.3648 0.9308
usemtl Material.008
s off
f 65/113/49 69/114/49 71/115/49 67/116/49
f 68/117/50 67/116/50 71/118/50 72/119/50
f 72/120/51 71/121/51 69/122/51 70/123/51
f 70/124/52 66/125/52 68/117/52 72/126/52
f 66/125/53 65/113/53 67/116/53 68/117/53
f 70/123/54 69/122/54 65/113/54 66/125/54
o Cube.009
v 0.581468 1.379165 6.479158
v 0.586642 0.567565 6.770256
v 0.489315 1.301700 6.480773
v 0.486642 0.567565 6.770256
v 0.586642 2.067565 6.170256
v 0.586642 0.567565 6.170256
v 0.486642 2.067565 6.170256
v 0.486642 0.567565 6.170256
vt 0.625000 0.500000
vt 0.875000 0.500000
vt 0.875000 0.750000
vt 0.625000 0.750000
vt 0.375000 0.750000
vt 0.625000 1.000000
vt 0.375000 1.000000
vt 0.375000 0.000000
vt 0.625000 0.000000
vt 0.625000 0.250000
vt 0.375000 0.250000
vt 0.125000 0.500000
vt 0.375000 0.500000
vt 0.125000 0.750000
vn -0.1487 0.3877 0.9097
vn -1.0000 0.0018 0.0044
vn 0.0000 0.0000 -1.0000
vn 0.0000 -1.0000 -0.0000
vn -0.1326 0.3483 0.9279
vn 1.0000 0.0033 0.0082
usemtl Material.009
s off
f 73/127/55 77/128/55 79/129/55 75/130/55
f 76/131/56 75/130/56 79/132/56 80/133/56
f 80/134/57 79/135/57 77/136/57 78/137/57
f 78/138/58 74/139/58 76/131/58 80/140/58
f 74/139/59 73/127/59 75/130/59 76/131/59
f 78/137/60 77/136/60 73/127/60 74/139/60
o Cube.010
v -0.567187 1.379165 6.479158
v -0.562013 0.567565 6.770256
v -0.659340 1.301700 6.480773
v -0.662013 0.567565 6.770256
v -0.562013 2.067565 6.170256
v -0.562013 0.567565 6.170256
v -0.662013 2.067565 6.170256
v -0.662013 0.567565 6.170256
vt 0.625000 0.500000
vt 0.875000 0.500000
vt 0.875000 0.750000
vt 0.625000 0.750000
vt 0.375000 0.750000
vt 0.625000 1.000000
vt 0.375000 1.000000
vt 0.375000 0.000000
vt 0.625000 0.000000
vt 0.625000 0.250000
vt 0.375000 0.250000
vt 0.125000 0.500000
vt 0.375000 0.500000
vt 0.125000 0.750000
vn -0.1487 0.3877 0.9097
vn -1.0000 0.0018 0.0044
vn 0.0000 0.0000 -1.0000
vn 0.0000 -1.0000 0.0000
vn -0.1326 0.3483 0.9279
vn 1.0000 0.0033 0.0082
usemtl Material.010
s off
f 81/141/61 85/142/61 87/143/61 83/144/61
f 84/145/62 83/144/62 87/146/62 88/147/62
f 88/148/63 87/149/63 85/150/63 86/151/63
f 86/152/64 82/153/64 84/145/64 88/154/64
f 82/153/65 81/141/65 83/144/65 84/145/65
f 86/151/66 85/150/66 81/141/66 82/153/66
